zinc
1900,19807
1901,21049
1902,35835
1903,25953
1904,26482
1905,28420
1906,29448
1907,25995
1908,26461
1909,22293
1910,25905
1911,27259
1912,28918
1913,29375
1914,26500
1915,23802
1916,22233
1917,25442
1918,23448
1919,18879
1920,27344
1921,34689
1922,21360
1923,26633
1924,18940
1925,20775
1926,14928
1927,15006
1928,15626
1929,15922
1930,20419
1931,14815
1932,13664
1933,12567
1934,11136
1935,14520
1936,19206
1937,21359
1938,20515
1939,22650
1940,23063
1941,16604
1942,18911
1943,18996
1944,14859
1945,13505
1946,20392
1947,28224
1948,27676
1949,31537
1950,30390
1951,27571
1952,22308
1953,22272
1954,30552
1955,25606
1956,26116
1957,23461
1958,24183
1959,30024
1960,29818
1961,34489
1962,33722
1963,42904
1964,32493
1965,34999
1966,40847
1967,38926
1968,37067
1969,33718
1970,36969
1971,39026
1972,34164
1973,33762
1974,33318
1975,41232
1976,47440
1977,36934
1978,46002
1979,41160
1980,60414
1981,45761
1982,49059
1983,56437
1984,59154
1985,56938
1986,53345
1987,47064
1988,53134
1989,50485
1990,57379
1991,59703
1992,51928
1993,64588
1994,61659
1995,62672
1996,55919
1997,67707
1998,64661
1999,65899
2000,81393
2001,66540
2002,77227
2003,76493
2004,82444
2005,76394
2006,78801
2007,91324
2008,135102
zeros
1900,131
1901,98
1902,181
1903,163
1904,151
1905,225
1906,233
1907,105
1908,228
1909,164
1910,220
1911,157
1912,154
1913,304
1914,297
1915,142
1916,266
1917,205
1918,176
1919,240
1920,364
1921,263
1922,356
1923,387
1924,229
1925,336
1926,284
1927,472
1928,407
1929,510
1930,377
1931,440
1932,224
1933,387
1934,367
1935,867
1936,348
1937,812
1938,681
1939,619
1940,636
1941,701
1942,890
1943,663
1944,576
1945,875
1946,889
1947,1553
1948,1053
1949,1343
1950,1381
1951,2324
1952,3414
1953,2571
1954,1923
1955,5085
1956,2361
1957,4809
1958,7480
1959,5060
1960,6475
1961,6325
1962,7104
1963,6486
1964,7432
1965,8723
1966,6815
1967,7329
1968,7830
1969,7327
1970,6473
1971,5546
1972,6676
1973,6141
1974,5171
1975,6865
1976,6527
1977,8191
1978,7930
1979,6821
1980,8107
1981,7313
1982,7085
1983,7324
1984,9410
1985,10579
1986,12509
1987,12646
1988,11691
1989,13822
1990,14071
1991,13293
1992,17147
1993,16063
1994,14696
1995,15748
1996,14428
1997,16542
1998,15399
1999,17190
2000,19486
2001,20308
2002,25132
2003,23893
2004,23144
2005,22112
2006,21428
2007,22035
2008,18883
zodiac
1900,628
1901,672
1902,699
1903,575
1904,786
1905,597
1906,613
1907,707
1908,731
1909,471
1910,575
1911,617
1912,879
1913,605
1914,749
1915,404
1916,457
1917,662
1918,404
1919,437
1920,754
1921,720
1922,530
1923,978
1924,394
1925,687
1926,424
1927,508
1928,801
1929,715
1930,511
1931,740
1932,705
1933,278
1934,348
1935,506
1936,555
1937,406
1938,531
1939,555
1940,565
1941,709
1942,445
1943,276
1944,441
1945,360
1946,763
1947,476
1948,1017
1949,896
1950,679
1951,704
1952,1444
1953,1035
1954,816
1955,785
1956,1025
1957,936
1958,2356
1959,1043
1960,1263
1961,1151
1962,1237
1963,1732
1964,1459
1965,1181
1966,1514
1967,1432
1968,2636
1969,2748
1970,2245
1971,3221
1972,2213
1973,2193
1974,2889
1975,2232
1976,2399
1977,2662
1978,3229
1979,2232
1980,2488
1981,2016
1982,2448
1983,2492
1984,2674
1985,3118
1986,2760
1987,4022
1988,3894
1989,3273
1990,4191
1991,4440
1992,5103
1993,4183
1994,5911
1995,5037
1996,6387
1997,5865
1998,6595
1999,6206
2000,6846
2001,7893
2002,9922
2003,12765
2004,13787
2005,9535
2006,10921
2007,11455
2008,12316
zero
1900,13578
1901,11399
1902,14369
1903,16021
1904,16369
1905,15361
1906,18417
1907,16558
1908,19967
1909,17303
1910,19414
1911,26002
1912,18850
1913,20279
1914,23342
1915,20139
1916,20265
1917,21165
1918,15607
1919,19460
1920,25479
1921,21328
1922,26643
1923,23522
1924,20120
1925,18590
1926,20269
1927,21880
1928,23132
1929,23870
1930,25813
1931,25660
1932,23218
1933,25932
1934,24997
1935,28446
1936,28234
1937,35453
1938,39204
1939,37656
1940,38630
1941,38383
1942,38043
1943,36553
1944,28774
1945,29678
1946,36097
1947,49818
1948,53399
1949,62778
1950,75395
1951,66585
1952,67891
1953,67111
1954,68926
1955,81828
1956,71778
1957,81634
1958,97082
1959,101217
1960,121938
1961,132861
1962,143389
1963,139027
1964,148090
1965,178120
1966,177782
1967,169542
1968,173558
1969,166743
1970,174568
1971,190512
1972,181509
1973,175135
1974,170947
1975,191415
1976,185842
1977,193124
1978,193283
1979,196108
1980,215739
1981,205352
1982,218067
1983,225166
1984,243380
1985,251651
1986,274501
1987,265468
1988,286885
1989,292319
1990,320563
1991,304651
1992,377365
1993,324861
1994,329263
1995,350560
1996,338134
1997,358145
1998,361636
1999,368438
2000,425000
2001,447660
2002,488169
2003,506887
2004,519151
2005,517477
2006,522273
2007,538588
2008,506065
zones
1900,4172
1901,5302
1902,5121
1903,5649
1904,5673
1905,5915
1906,6099
1907,7722
1908,8528
1909,6688
1910,6546
1911,7626
1912,7486
1913,7513
1914,8511
1915,8513
1916,7548
1917,7657
1918,8148
1919,7618
1920,9919
1921,8003
1922,9851
1923,7908
1924,7887
1925,7002
1926,7250
1927,7637
1928,7962
1929,7505
1930,8915
1931,9158
1932,7511
1933,8371
1934,7012
1935,8565
1936,8875
1937,9924
1938,12450
1939,10876
1940,13204
1941,10432
1942,13016
1943,10013
1944,8926
1945,11583
1946,14775
1947,17723
1948,18957
1949,24094
1950,21563
1951,18846
1952,18968
1953,21382
1954,19391
1955,22654
1956,24248
1957,27342
1958,26731
1959,26311
1960,33599
1961,33944
1962,46599
1963,44820
1964,44130
1965,53012
1966,53784
1967,58166
1968,60677
1969,57168
1970,60395
1971,62647
1972,66056
1973,68702
1974,70840
1975,75330
1976,78853
1977,83869
1978,72616
1979,83691
1980,79244
1981,85723
1982,90559
1983,91540
1984,103165
1985,97622
1986,103444
1987,98921
1988,105914
1989,110056
1990,121980
1991,109913
1992,128151
1993,128318
1994,132200
1995,134292
1996,137852
1997,145822
1998,150380
1999,152614
2000,170304
2001,167907
2002,181764
2003,197753
2004,196146
2005,199244
2006,199838
2007,197222
2008,187434
zealous
1900,11447
1901,10718
1902,10438
1903,10207
1904,10928
1905,10877
1906,10281
1907,10687
1908,9468
1909,8244
1910,9779
1911,7436
1912,9446
1913,8701
1914,8009
1915,6734
1916,5750
1917,5777
1918,4629
1919,5362
1920,6397
1921,5464
1922,7303
1923,5690
1924,5128
1925,5227
1926,5104
1927,6283
1928,6166
1929,5755
1930,6288
1931,6081
1932,5138
1933,3838
1934,5153
1935,5199
1936,5199
1937,4650
1938,5585
1939,4648
1940,4287
1941,3732
1942,3385
1943,2724
1944,3047
1945,2965
1946,4226
1947,4752
1948,4870
1949,5815
1950,5553
1951,5315
1952,5521
1953,4871
1954,5247
1955,6019
1956,6224
1957,6649
1958,6331
1959,6311
1960,7657
1961,8175
1962,9301
1963,9202
1964,8838
1965,10461
1966,11700
1967,11858
1968,13889
1969,14199
1970,13885
1971,11899
1972,12194
1973,10746
1974,9619
1975,9222
1976,9544
1977,9702
1978,10114
1979,9293
1980,9115
1981,9021
1982,8818
1983,9327
1984,9723
1985,9868
1986,9885
1987,10543
1988,10799
1989,10879
1990,11791
1991,10798
1992,12431
1993,12225
1994,13022
1995,13877
1996,15091
1997,14535
1998,15228
1999,17047
2000,18625
2001,19552
2002,19523
2003,25766
2004,29659
2005,25419
2006,36575
2007,36906
2008,76857
zum
1900,1665
1901,1582
1902,1737
1903,1636
1904,1835
1905,1800
1906,2194
1907,1682
1908,1608
1909,1854
1910,1762
1911,2013
1912,2566
1913,1784
1914,1650
1915,1519
1916,1625
1917,1375
1918,1355
1919,1167
1920,1684
1921,1088
1922,1637
1923,1488
1924,1285
1925,1597
1926,1528
1927,1978
1928,2315
1929,2930
1930,3106
1931,2788
1932,3299
1933,2410
1934,3062
1935,3458
1936,3514
1937,3851
1938,4312
1939,3060
1940,3328
1941,3587
1942,2551
1943,2160
1944,1876
1945,2312
1946,2445
1947,2789
1948,3868
1949,5168
1950,4198
1951,4510
1952,4782
1953,5627
1954,5189
1955,5456
1956,6388
1957,7835
1958,8664
1959,9046
1960,9786
1961,11218
1962,11332
1963,11519
1964,11369
1965,12793
1966,15282
1967,15488
1968,15109
1969,20108
1970,16669
1971,18368
1972,18112
1973,17786
1974,17935
1975,20136
1976,19438
1977,20670
1978,19375
1979,20957
1980,20516
1981,21104
1982,22489
1983,21726
1984,23897
1985,23465
1986,24575
1987,22354
1988,26415
1989,25491
1990,28155
1991,25183
1992,26900
1993,28744
1994,31141
1995,32547
1996,35268
1997,33954
1998,35419
1999,36458
2000,42907
2001,41218
2002,42333
2003,44192
2004,50586
2005,49672
2006,52188
2007,55036
2008,44817
zoos
1900,14
1901,10
1902,9
1903,3
1904,10
1905,9
1906,9
1907,7
1908,12
1909,33
1910,14
1911,20
1912,20
1913,17
1914,25
1915,14
1916,34
1917,26
1918,29
1919,26
1920,16
1921,15
1922,75
1923,23
1924,41
1925,51
1926,36
1927,60
1928,126
1929,119
1930,124
1931,143
1932,181
1933,78
1934,153
1935,116
1936,166
1937,209
1938,235
1939,182
1940,245
1941,205
1942,195
1943,116
1944,213
1945,201
1946,181
1947,200
1948,255
1949,229
1950,336
1951,260
1952,256
1953,301
1954,440
1955,453
1956,425
1957,636
1958,563
1959,676
1960,383
1961,891
1962,593
1963,813
1964,875
1965,1086
1966,1001
1967,1873
1968,1125
1969,1787
1970,1732
1971,1576
1972,1860
1973,1753
1974,2190
1975,1699
1976,1982
1977,2105
1978,2160
1979,1852
1980,2400
1981,2338
1982,1869
1983,2507
1984,2724
1985,2594
1986,2126
1987,2977
1988,3781
1989,4234
1990,4944
1991,4110
1992,4956
1993,5775
1994,5222
1995,6170
1996,5582
1997,6817
1998,6768
1999,6513
2000,7098
2001,10198
2002,7611
2003,7787
2004,8416
2005,7562
2006,10438
2007,8671
2008,8203
zwischen
1900,550
1901,765
1902,824
1903,776
1904,1011
1905,562
1906,822
1907,632
1908,737
1909,550
1910,909
1911,916
1912,967
1913,847
1914,690
1915,578
1916,700
1917,498
1918,544
1919,838
1920,797
1921,777
1922,826
1923,810
1924,730
1925,844
1926,1005
1927,1007
1928,1141
1929,1545
1930,1557
1931,1970
1932,1713
1933,1480
1934,1773
1935,2735
1936,2262
1937,2913
1938,4043
1939,2086
1940,2599
1941,2510
1942,1727
1943,1429
1944,1429
1945,1520
1946,1766
1947,1839
1948,1874
1949,3750
1950,2694
1951,3094
1952,3372
1953,3743
1954,3647
1955,3902
1956,4544
1957,5804
1958,5987
1959,5791
1960,6731
1961,6857
1962,7124
1963,7393
1964,7285
1965,9218
1966,9199
1967,10009
1968,9764
1969,14032
1970,9695
1971,10545
1972,10674
1973,10461
1974,10021
1975,12783
1976,11390
1977,11903
1978,10647
1979,11985
1980,11019
1981,10707
1982,11782
1983,12718
1984,12204
1985,12160
1986,12212
1987,10664
1988,15077
1989,11973
1990,13452
1991,11006
1992,11971
1993,12709
1994,13423
1995,13502
1996,14259
1997,14320
1998,14906
1999,15953
2000,18815
2001,18878
2002,17127
2003,19621
2004,22483
2005,22073
2006,21975
2007,22911
2008,18375
zeal
1900,31010
1901,31761
1902,29897
1903,27781
1904,29893
1905,28305
1906,28617
1907,30202
1908,26722
1909,23788
1910,25739
1911,23116
1912,24016
1913,22929
1914,21371
1915,16815
1916,16044
1917,15354
1918,13135
1919,15992
1920,17660
1921,15792
1922,18186
1923,15506
1924,15370
1925,14840
1926,14281
1927,18451
1928,16525
1929,16608
1930,18202
1931,16414
1932,15048
1933,12147
1934,14452
1935,15109
1936,14736
1937,14136
1938,15244
1939,13054
1940,12969
1941,10628
1942,10553
1943,9066
1944,8731
1945,8787
1946,13762
1947,14658
1948,15636
1949,16715
1950,16532
1951,15886
1952,16115
1953,14749
1954,16289
1955,17330
1956,19072
1957,19218
1958,18628
1959,19611
1960,23206
1961,25069
1962,26958
1963,27732
1964,27479
1965,31472
1966,33136
1967,34485
1968,39282
1969,40403
1970,38669
1971,34903
1972,34880
1973,29997
1974,25847
1975,26082
1976,26137
1977,27475
1978,27357
1979,24569
1980,24831
1981,24357
1982,23411
1983,24595
1984,25962
1985,25861
1986,26656
1987,27850
1988,28939
1989,28995
1990,31986
1991,29638
1992,32530
1993,31216
1994,33248
1995,35280
1996,38328
1997,36398
1998,38572
1999,43374
2000,46817
2001,48749
2002,48225
2003,62569
2004,76478
2005,64387
2006,94674
2007,97713
2008,208738
zhiqing
1979,6
1985,5
1986,3
1987,2
1988,4
1989,6
1990,15
1992,13
1993,30
1994,1628
1995,13
1996,15
1997,100
1998,25
1999,145
2000,40
2001,66
2002,183
2003,10806
2004,124
2005,233
2006,64
2007,402
2008,75
zoom
1900,10
1901,12
1902,11
1903,17
1904,8
1905,18
1906,42
1907,9
1908,5
1909,3
1910,10
1911,14
1912,8
1913,5
1914,8
1915,5
1916,4
1917,5
1918,96
1919,184
1920,52
1921,15
1922,19
1923,22
1924,11
1925,91
1926,29
1927,74
1928,116
1929,111
1930,90
1931,83
1932,75
1933,64
1934,89
1935,73
1936,104
1937,101
1938,111
1939,133
1940,132
1941,179
1942,236
1943,241
1944,152
1945,116
1946,143
1947,210
1948,148
1949,124
1950,142
1951,191
1952,117
1953,311
1954,236
1955,190
1956,225
1957,327
1958,357
1959,426
1960,359
1961,550
1962,753
1963,613
1964,542
1965,912
1966,1089
1967,1067
1968,1588
1969,2158
1970,2188
1971,2333
1972,3086
1973,3869
1974,2639
1975,3054
1976,3938
1977,2755
1978,2549
1979,3483
1980,3463
1981,3474
1982,4553
1983,5147
1984,4315
1985,4684
1986,5156
1987,6399
1988,6497
1989,8025
1990,7602
1991,9400
1992,11298
1993,10983
1994,11632
1995,12807
1996,13321
1997,14360
1998,16227
1999,17082
2000,21118
2001,22327
2002,28128
2003,34930
2004,34977
2005,31997
2006,29832
2007,34963
2008,29917
zucchini
1910,6
1911,2
1920,13
1922,1
1923,5
1925,2
1926,4
1927,2
1928,2
1929,7
1930,8
1931,10
1932,1
1933,12
1934,6
1935,4
1936,8
1937,17
1938,15
1939,7
1940,7
1941,14
1942,34
1943,19
1944,38
1945,31
1946,32
1947,23
1948,25
1949,33
1950,53
1951,30
1952,101
1953,74
1954,53
1955,119
1956,53
1957,61
1958,110
1959,43
1960,91
1961,170
1962,53
1963,87
1964,92
1965,140
1966,151
1967,157
1968,158
1969,205
1970,358
1971,357
1972,610
1973,734
1974,688
1975,995
1976,1780
1977,1723
1978,1697
1979,2687
1980,2457
1981,3192
1982,4215
1983,4328
1984,5557
1985,5919
1986,4591
1987,5075
1988,5221
1989,4937
1990,6299
1991,5411
1992,6065
1993,5899
1994,7855
1995,8132
1996,9369
1997,7582
1998,8358
1999,7990
2000,8015
2001,8966
2002,10440
2003,10011
2004,9720
2005,9703
2006,9735
2007,8791
2008,7345
zoology
1900,2066
1901,1725
1902,1822
1903,1599
1904,3228
1905,1992
1906,2205
1907,2007
1908,1528
1909,2836
1910,2295
1911,1935
1912,2692
1913,2078
1914,1944
1915,1807
1916,1457
1917,2260
1918,2465
1919,1453
1920,1643
1921,1484
1922,1548
1923,1477
1924,1360
1925,1371
1926,1485
1927,2151
1928,2247
1929,1918
1930,2196
1931,2577
1932,1426
1933,1216
1934,1690
1935,1469
1936,1489
1937,2426
1938,1530
1939,1978
1940,1753
1941,1762
1942,1752
1943,1112
1944,851
1945,1217
1946,1309
1947,1822
1948,1771
1949,2323
1950,1960
1951,1808
1952,1970
1953,2244
1954,2051
1955,2122
1956,2339
1957,2102
1958,3071
1959,2791
1960,2644
1961,3242
1962,3424
1963,3560
1964,3504
1965,4519
1966,3765
1967,5210
1968,4228
1969,4178
1970,4428
1971,3802
1972,4100
1973,3759
1974,4312
1975,5011
1976,3934
1977,4218
1978,3695
1979,3584
1980,4216
1981,3380
1982,4015
1983,3775
1984,3759
1985,5937
1986,5051
1987,5494
1988,4412
1989,4313
1990,4539
1991,4972
1992,4800
1993,5367
1994,5853
1995,6461
1996,5800
1997,5622
1998,5877
1999,7010
2000,7610
2001,7281
2002,6990
2003,7854
2004,7885
2005,7151
2006,8286
2007,9728
2008,13434
z
1900,5149
1901,5656
1902,6739
1903,7022
1904,7007
1905,6943
1906,7403
1907,6620
1908,7449
1909,6239
1910,7083
1911,8250
1912,7422
1913,10670
1914,7017
1915,9287
1916,6355
1917,4893
1918,5015
1919,4699
1920,8151
1921,8020
1922,8566
1923,6796
1924,7019
1925,6232
1926,6664
1927,8128
1928,7411
1929,10075
1930,9320
1931,8263
1932,8569
1933,8174
1934,9154
1935,8739
1936,10385
1937,10299
1938,13765
1939,11918
1940,10827
1941,9807
1942,9292
1943,7558
1944,7708
1945,12458
1946,11886
1947,16087
1948,17881
1949,24373
1950,27448
1951,21837
1952,23661
1953,25782
1954,22391
1955,24186
1956,23299
1957,29949
1958,31103
1959,31247
1960,41932
1961,46833
1962,56611
1963,54408
1964,53833
1965,74072
1966,61845
1967,61948
1968,64689
1969,58414
1970,65183
1971,67666
1972,68456
1973,64150
1974,64460
1975,65977
1976,69510
1977,70581
1978,69252
1979,72115
1980,81003
1981,76162
1982,82669
1983,84204
1984,85277
1985,95958
1986,103950
1987,100257
1988,110110
1989,111348
1990,123951
1991,116529
1992,147225
1993,128495
1994,123833
1995,129600
1996,129327
1997,136344
1998,137673
1999,137333
2000,151235
2001,158020
2002,167265
2003,185848
2004,193213
2005,192099
2006,197648
2007,206761
2008,189280
zoological
1900,1959
1901,3472
1902,1352
1903,1527
1904,1945
1905,1910
1906,1786
1907,1629
1908,1520
1909,1723
1910,2372
1911,1646
1912,1926
1913,2201
1914,2221
1915,1391
1916,1282
1917,1450
1918,1925
1919,1254
1920,1118
1921,1281
1922,1972
1923,1635
1924,1118
1925,1417
1926,1299
1927,1705
1928,1912
1929,1467
1930,1449
1931,2086
1932,1301
1933,897
1934,1201
1935,1142
1936,1404
1937,1606
1938,1167
1939,1305
1940,1258
1941,1156
1942,1072
1943,775
1944,889
1945,1143
1946,1017
1947,1108
1948,1388
1949,1521
1950,1934
1951,1452
1952,1580
1953,1553
1954,1486
1955,1539
1956,1811
1957,1747
1958,1947
1959,2208
1960,2049
1961,2199
1962,2938
1963,2589
1964,2787
1965,2924
1966,2970
1967,3382
1968,3036
1969,3291
1970,3105
1971,3077
1972,3111
1973,2936
1974,3161
1975,3050
1976,2951
1977,3265
1978,3010
1979,2645
1980,3318
1981,2664
1982,2859
1983,2783
1984,3234
1985,3250
1986,3145
1987,3120
1988,3063
1989,3232
1990,3348
1991,3410
1992,3639
1993,4011
1994,3740
1995,4209
1996,4287
1997,4591
1998,4371
1999,5393
2000,5372
2001,5629
2002,5893
2003,5766
2004,6479
2005,5749
2006,6573
2007,7703
2008,11132
zeolite
1900,51
1901,31
1902,25
1903,107
1904,102
1905,39
1906,115
1907,25
1908,52
1909,26
1910,55
1911,74
1912,142
1913,77
1914,61
1915,84
1916,72
1917,102
1918,58
1919,215
1920,74
1921,75
1922,90
1923,140
1924,57
1925,193
1926,159
1927,543
1928,505
1929,242
1930,279
1931,255
1932,225
1933,256
1934,244
1935,251
1936,305
1937,1197
1938,690
1939,808
1940,503
1941,290
1942,811
1943,362
1944,307
1945,1153
1946,880
1947,529
1948,872
1949,1193
1950,880
1951,1215
1952,771
1953,812
1954,849
1955,463
1956,647
1957,1514
1958,625
1959,723
1960,708
1961,893
1962,1212
1963,675
1964,820
1965,1233
1966,1725
1967,870
1968,1000
1969,1061
1970,580
1971,934
1972,1547
1973,4415
1974,933
1975,1578
1976,3271
1977,1388
1978,1269
1979,2642
1980,3908
1981,2947
1982,3590
1983,1997
1984,6096
1985,3128
1986,2750
1987,4326
1988,7166
1989,8480
1990,7803
1991,9179
1992,6523
1993,6872
1994,8257
1995,6210
1996,5162
1997,6086
1998,7206
1999,7426
2000,8740
2001,8970
2002,6853
2003,11637
2004,8014
2005,9057
2006,10140
2007,9320
2008,5636
zebra
1900,574
1901,341
1902,723
1903,595
1904,729
1905,1467
1906,708
1907,628
1908,1239
1909,960
1910,2795
1911,636
1912,1260
1913,1215
1914,1471
1915,1016
1916,514
1917,362
1918,356
1919,500
1920,583
1921,467
1922,629
1923,708
1924,989
1925,731
1926,615
1927,631
1928,821
1929,1046
1930,718
1931,960
1932,766
1933,476
1934,468
1935,620
1936,846
1937,772
1938,590
1939,632
1940,688
1941,587
1942,508
1943,291
1944,442
1945,329
1946,552
1947,733
1948,880
1949,528
1950,628
1951,616
1952,801
1953,781
1954,1110
1955,884
1956,960
1957,1115
1958,1016
1959,1432
1960,1011
1961,1375
1962,1819
1963,1568
1964,1607
1965,1801
1966,1744
1967,1949
1968,2190
1969,2100
1970,2776
1971,2206
1972,2795
1973,2313
1974,3289
1975,2359
1976,2870
1977,2589
1978,2240
1979,3482
1980,2695
1981,2697
1982,3381
1983,3354
1984,3598
1985,3392
1986,3560
1987,3615
1988,4402
1989,4945
1990,5230
1991,4817
1992,5515
1993,6730
1994,6573
1995,6832
1996,6959
1997,9114
1998,8251
1999,8235
2000,9385
2001,9537
2002,12788
2003,11749
2004,12304
2005,12215
2006,12286
2007,12553
2008,13620
zur
1900,6276
1901,5618
1902,5482
1903,6124
1904,7095
1905,6115
1906,7425
1907,7603
1908,7269
1909,7726
1910,7254
1911,7138
1912,7404
1913,7447
1914,5816
1915,5632
1916,7028
1917,4901
1918,5504
1919,4458
1920,5971
1921,4917
1922,6279
1923,5446
1924,4825
1925,5140
1926,5521
1927,6768
1928,6972
1929,6968
1930,7496
1931,7805
1932,7552
1933,6924
1934,7948
1935,9033
1936,9560
1937,8723
1938,10801
1939,9301
1940,8564
1941,8411
1942,7597
1943,4833
1944,4699
1945,5370
1946,6985
1947,7825
1948,9892
1949,12393
1950,10667
1951,11472
1952,12272
1953,12560
1954,12472
1955,12653
1956,14063
1957,17962
1958,18107
1959,19445
1960,23079
1961,22957
1962,25152
1963,26663
1964,26226
1965,31463
1966,33893
1967,33725
1968,33533
1969,42973
1970,35771
1971,37713
1972,38453
1973,36739
1974,36207
1975,42536
1976,41675
1977,42146
1978,40637
1979,42603
1980,43751
1981,41621
1982,47688
1983,43616
1984,48843
1985,51328
1986,49502
1987,47759
1988,51518
1989,52989
1990,56764
1991,52328
1992,54807
1993,55583
1994,61438
1995,62927
1996,68659
1997,65810
1998,68790
1999,71221
2000,83067
2001,80365
2002,84306
2003,83731
2004,91907
2005,92105
2006,96389
2007,103281
2008,84936
zip
1900,72
1901,69
1902,88
1903,97
1904,83
1905,95
1906,56
1907,95
1908,62
1909,78
1910,74
1911,49
1912,65
1913,63
1914,57
1915,137
1916,160
1917,103
1918,105
1919,177
1920,192
1921,127
1922,132
1923,62
1924,104
1925,83
1926,69
1927,88
1928,93
1929,91
1930,134
1931,192
1932,126
1933,146
1934,138
1935,145
1936,150
1937,164
1938,171
1939,224
1940,222
1941,176
1942,197
1943,247
1944,191
1945,204
1946,207
1947,334
1948,218
1949,374
1950,321
1951,298
1952,261
1953,426
1954,362
1955,389
1956,518
1957,425
1958,556
1959,409
1960,467
1961,669
1962,677
1963,556
1964,684
1965,986
1966,1418
1967,1320
1968,1862
1969,1665
1970,1800
1971,1897
1972,2267
1973,2250
1974,2023
1975,2255
1976,3249
1977,2609
1978,3893
1979,3157
1980,3680
1981,3298
1982,4015
1983,4784
1984,5190
1985,5927
1986,7125
1987,7045
1988,8185
1989,7952
1990,10287
1991,8599
1992,10337
1993,9730
1994,11365
1995,24360
1996,12645
1997,14308
1998,14180
1999,17764
2000,18732
2001,18696
2002,24243
2003,25079
2004,25111
2005,24330
2006,24434
2007,26007
2008,25213
zu
1900,7915
1901,8174
1902,8028
1903,8493
1904,9517
1905,8674
1906,11011
1907,7487
1908,7808
1909,8145
1910,9516
1911,7804
1912,11733
1913,8158
1914,8692
1915,7711
1916,6328
1917,6947
1918,6169
1919,6599
1920,12164
1921,5674
1922,8583
1923,6805
1924,6577
1925,7400
1926,6832
1927,8441
1928,9569
1929,12511
1930,12219
1931,11400
1932,15686
1933,12340
1934,14742
1935,16185
1936,16017
1937,18087
1938,21012
1939,12857
1940,16365
1941,14242
1942,10430
1943,10397
1944,8843
1945,10315
1946,9371
1947,13469
1948,15979
1949,23322
1950,18228
1951,20288
1952,21242
1953,23167
1954,22635
1955,22126
1956,25644
1957,31348
1958,33973
1959,36003
1960,38740
1961,43274
1962,42560
1963,47337
1964,42669
1965,47534
1966,55371
1967,59989
1968,55855
1969,86650
1970,61299
1971,70565
1972,68961
1973,72852
1974,61746
1975,75991
1976,74085
1977,74077
1978,73471
1979,76687
1980,70184
1981,70176
1982,73191
1983,73048
1984,80528
1985,73124
1986,76552
1987,69508
1988,75583
1989,75643
1990,89543
1991,76325
1992,78266
1993,81609
1994,89752
1995,93058
1996,100611
1997,93715
1998,104473
1999,103346
2000,120041
2001,119890
2002,114983
2003,129343
2004,141092
2005,142688
2006,147928
2007,155424
2008,126308
zenith
1900,4041
1901,3750
1902,4623
1903,3515
1904,3610
1905,3754
1906,4617
1907,3739
1908,4761
1909,3575
1910,4684
1911,4352
1912,3747
1913,3824
1914,3440
1915,3147
1916,3752
1917,3017
1918,3694
1919,3167
1920,3935
1921,2886
1922,3975
1923,3658
1924,2790
1925,3003
1926,3610
1927,3293
1928,3359
1929,3177
1930,3409
1931,3550
1932,2313
1933,2126
1934,2773
1935,3384
1936,3110
1937,2661
1938,3622
1939,2858
1940,3108
1941,3140
1942,3131
1943,2251
1944,2810
1945,2117
1946,2773
1947,2946
1948,3655
1949,3564
1950,3553
1951,3951
1952,3632
1953,3222
1954,4071
1955,4280
1956,4084
1957,5089
1958,5222
1959,5295
1960,5223
1961,7537
1962,6986
1963,6728
1964,7349
1965,8055
1966,8579
1967,7747
1968,8304
1969,8724
1970,8080
1971,7933
1972,7717
1973,7260
1974,7878
1975,8153
1976,7416
1977,7515
1978,7498
1979,7118
1980,8686
1981,7327
1982,8295
1983,7842
1984,6947
1985,9118
1986,8742
1987,8491
1988,9018
1989,9960
1990,9933
1991,10292
1992,11307
1993,10440
1994,11502
1995,10606
1996,12158
1997,11350
1998,12276
1999,12384
2000,14492
2001,16238
2002,16046
2003,18381
2004,19957
2005,18195
2006,20835
2007,23746
2008,33901
zooplankton
1902,1
1903,26
1905,1
1906,5
1908,39
1910,8
1911,10
1912,21
1913,2
1914,9
1915,3
1916,3
1917,1
1918,2
1919,13
1920,4
1921,2
1922,12
1923,6
1924,18
1925,8
1926,74
1927,33
1928,64
1929,76
1930,11
1931,18
1932,5
1933,353
1934,71
1935,352
1936,138
1937,343
1938,544
1939,214
1940,223
1941,175
1942,722
1943,215
1944,87
1945,49
1946,111
1947,268
1948,220
1949,503
1950,102
1951,159
1952,198
1953,473
1954,433
1955,484
1956,666
1957,944
1958,621
1959,878
1960,554
1961,749
1962,832
1963,2596
1964,774
1965,1011
1966,2543
1967,1660
1968,1542
1969,1454
1970,1956
1971,4670
1972,5188
1973,5465
1974,3210
1975,4802
1976,5197
1977,5132
1978,6542
1979,4926
1980,5729
1981,4555
1982,7642
1983,9963
1984,9655
1985,6034
1986,8125
1987,7693
1988,9190
1989,8339
1990,9367
1991,7639
1992,8724
1993,8031
1994,10173
1995,9098
1996,7328
1997,7119
1998,10041
1999,9182
2000,7167
2001,10421
2002,12050
2003,8289
2004,10513
2005,15686
2006,11466
2007,11604
2008,7943
zoster
1900,490
1901,496
1902,444
1903,511
1904,400
1905,918
1906,555
1907,693
1908,505
1909,562
1910,675
1911,929
1912,433
1913,451
1914,595
1915,672
1916,475
1917,506
1918,217
1919,289
1920,450
1921,497
1922,345
1923,286
1924,110
1925,91
1926,148
1927,110
1928,196
1929,244
1930,108
1931,155
1932,137
1933,172
1934,263
1935,282
1936,242
1937,242
1938,203
1939,363
1940,850
1941,173
1942,323
1943,408
1944,369
1945,253
1946,520
1947,342
1948,566
1949,647
1950,490
1951,312
1952,764
1953,704
1954,600
1955,1144
1956,606
1957,686
1958,950
1959,815
1960,1115
1961,1549
1962,1145
1963,1051
1964,1140
1965,1084
1966,1380
1967,1879
1968,1587
1969,2056
1970,1563
1971,1607
1972,4159
1973,2530
1974,2564
1975,2434
1976,2790
1977,3052
1978,3338
1979,3208
1980,2817
1981,3361
1982,3727
1983,4255
1984,5785
1985,6134
1986,6963
1987,6363
1988,5590
1989,6613
1990,7269
1991,6232
1992,6685
1993,6906
1994,8272
1995,8765
1996,7932
1997,11670
1998,10164
1999,11021
2000,10275
2001,11098
2002,13353
2003,11504
2004,12542
2005,10393
2006,11337
2007,9518
2008,8555
zombie
1900,1
1903,2
1904,2
1915,1
1919,1
1929,40
1931,20
1932,2
1933,2
1934,4
1935,8
1936,11
1937,6
1938,7
1939,14
1940,11
1941,25
1942,21
1943,24
1944,29
1945,17
1946,33
1947,39
1948,41
1949,58
1950,38
1951,91
1952,87
1953,66
1954,54
1955,70
1956,73
1957,111
1958,147
1959,98
1960,183
1961,120
1962,111
1963,105
1964,190
1965,154
1966,206
1967,245
1968,295
1969,317
1970,339
1971,389
1972,487
1973,535
1974,568
1975,482
1976,592
1977,626
1978,602
1979,1055
1980,863
1981,986
1982,1079
1983,1004
1984,1148
1985,1311
1986,1251
1987,1594
1988,2359
1989,2320
1990,2068
1991,2265
1992,2189
1993,2650
1994,2544
1995,2666
1996,3265
1997,3124
1998,3436
1999,3487
2000,5219
2001,7244
2002,7532
2003,9233
2004,8216
2005,8870
2006,10610
2007,13308
2008,13069
zipped
1900,8
1901,6
1902,5
1903,2
1904,5
1905,13
1906,32
1907,8
1908,3
1909,12
1910,10
1911,24
1912,17
1913,11
1914,13
1915,13
1916,22
1917,23
1918,32
1919,30
1920,22
1921,18
1922,15
1923,13
1924,17
1925,18
1926,13
1927,23
1928,21
1929,34
1930,20
1931,28
1932,10
1933,28
1934,54
1935,34
1936,46
1937,45
1938,67
1939,42
1940,47
1941,88
1942,65
1943,88
1944,78
1945,57
1946,106
1947,73
1948,89
1949,81
1950,117
1951,102
1952,94
1953,123
1954,120
1955,151
1956,122
1957,152
1958,138
1959,145
1960,169
1961,194
1962,219
1963,210
1964,220
1965,191
1966,266
1967,381
1968,418
1969,344
1970,411
1971,409
1972,463
1973,546
1974,519
1975,611
1976,640
1977,683
1978,796
1979,876
1980,981
1981,957
1982,1194
1983,1264
1984,1386
1985,1632
1986,1812
1987,2144
1988,2180
1989,2398
1990,2562
1991,2703
1992,2764
1993,3028
1994,3464
1995,3882
1996,4060
1997,4542
1998,4799
1999,5115
2000,6409
2001,6798
2002,8612
2003,9454
2004,10014
2005,10529
2006,10531
2007,10751
2008,10435
zipper
1904,4
1905,1
1910,1
1915,1
1917,1
1920,1
1923,5
1925,3
1926,5
1927,2
1928,13
1929,16
1930,15
1931,45
1932,31
1933,59
1934,63
1935,190
1936,136
1937,144
1938,225
1939,172
1940,280
1941,195
1942,293
1943,469
1944,335
1945,300
1946,260
1947,425
1948,357
1949,607
1950,346
1951,346
1952,408
1953,362
1954,435
1955,477
1956,494
1957,551
1958,462
1959,643
1960,552
1961,647
1962,1043
1963,937
1964,903
1965,611
1966,1097
1967,900
1968,1861
1969,1137
1970,1134
1971,1241
1972,2243
1973,2501
1974,2112
1975,1898
1976,2333
1977,2351
1978,3287
1979,2736
1980,2469
1981,3389
1982,2853
1983,2614
1984,3223
1985,3422
1986,3605
1987,4079
1988,3983
1989,4846
1990,5130
1991,4829
1992,6131
1993,6483
1994,7436
1995,7539
1996,7208
1997,7422
1998,8015
1999,8669
2000,10806
2001,11137
2002,12401
2003,12381
2004,14699
2005,15381
2006,15130
2007,14131
2008,14188
zealously
1900,2374
1901,2152
1902,2701
1903,2429
1904,2258
1905,2575
1906,2381
1907,2275
1908,2110
1909,2040
1910,1933
1911,1923
1912,2083
1913,1813
1914,1849
1915,1580
1916,1676
1917,1556
1918,1256
1919,1538
1920,1536
1921,1372
1922,1792
1923,1216
1924,1227
1925,1301
1926,1200
1927,1615
1928,1599
1929,1432
1930,1510
1931,1449
1932,1559
1933,1043
1934,1146
1935,1459
1936,1495
1937,1232
1938,1377
1939,1384
1940,1203
1941,1046
1942,1069
1943,1011
1944,820
1945,871
1946,1209
1947,1425
1948,1371
1949,1603
1950,1476
1951,1467
1952,1484
1953,1359
1954,1419
1955,1624
1956,1740
1957,1818
1958,1801
1959,1823
1960,2115
1961,2195
1962,2464
1963,2619
1964,2383
1965,2934
1966,3411
1967,3416
1968,3810
1969,3815
1970,3979
1971,3250
1972,3414
1973,3046
1974,2948
1975,3054
1976,2701
1977,2944
1978,2946
1979,2475
1980,2741
1981,2586
1982,2562
1983,2680
1984,2786
1985,2785
1986,2846
1987,3103
1988,3222
1989,3153
1990,3537
1991,3079
1992,3569
1993,3548
1994,3695
1995,4085
1996,4537
1997,4217
1998,4570
1999,4970
2000,5350
2001,5529
2002,5441
2003,7111
2004,8257
2005,7039
2006,9388
2007,9921
2008,18607
zest
1900,3307
1901,3212
1902,3395
1903,3085
1904,3758
1905,3465
1906,3588
1907,3599
1908,3746
1909,3048
1910,3767
1911,4016
1912,4005
1913,3916
1914,3780
1915,3616
1916,3302
1917,3599
1918,2968
1919,3772
1920,4650
1921,3999
1922,4522
1923,3820
1924,3902
1925,3886
1926,3624
1927,4009
1928,3783
1929,3873
1930,3979
1931,4088
1932,3432
1933,3154
1934,3734
1935,4335
1936,3891
1937,3830
1938,3505
1939,3609
1940,3546
1941,2875
1942,2714
1943,2173
1944,2535
1945,2427
1946,3358
1947,4074
1948,3937
1949,4241
1950,4090
1951,4031
1952,4133
1953,3787
1954,4174
1955,4211
1956,4526
1957,4568
1958,4440
1959,4306
1960,4705
1961,5079
1962,5550
1963,6041
1964,5757
1965,6344
1966,6600
1967,6666
1968,7598
1969,7507
1970,7206
1971,6792
1972,6609
1973,6086
1974,6086
1975,5713
1976,6448
1977,6345
1978,5933
1979,5794
1980,5925
1981,5759
1982,5735
1983,6007
1984,6636
1985,7119
1986,6721
1987,7147
1988,7810
1989,7654
1990,8894
1991,8842
1992,9753
1993,10415
1994,11317
1995,12051
1996,13336
1997,12231
1998,13341
1999,14026
2000,14325
2001,14539
2002,15866
2003,18955
2004,23501
2005,20980
2006,22958
2007,26484
2008,37187
zone
1900,13984
1901,14593
1902,14414
1903,15166
1904,18862
1905,19339
1906,18097
1907,24556
1908,21202
1909,20931
1910,20701
1911,22690
1912,24737
1913,23596
1914,25099
1915,26049
1916,25046
1917,23007
1918,25221
1919,26907
1920,30391
1921,27148
1922,29637
1923,23667
1924,22059
1925,18823
1926,20429
1927,24482
1928,23478
1929,24620
1930,25907
1931,27406
1932,24196
1933,22039
1934,20353
1935,23488
1936,26267
1937,31592
1938,35180
1939,30069
1940,37207
1941,27274
1942,33795
1943,26841
1944,22382
1945,27938
1946,35241
1947,41800
1948,56031
1949,54825
1950,52620
1951,51231
1952,48402
1953,52122
1954,49428
1955,56999
1956,63531
1957,69882
1958,75679
1959,73891
1960,89301
1961,90011
1962,117415
1963,119075
1964,113234
1965,132791
1966,141197
1967,145426
1968,154174
1969,142276
1970,145672
1971,152545
1972,160203
1973,159524
1974,163948
1975,176542
1976,177996
1977,191998
1978,172471
1979,196331
1980,188248
1981,197567
1982,209139
1983,211968
1984,227298
1985,225333
1986,238103
1987,226562
1988,246918
1989,248656
1990,279397
1991,268377
1992,297469
1993,287981
1994,292035
1995,301461
1996,304894
1997,330967
1998,348291
1999,341328
2000,389965
2001,387219
2002,416444
2003,461039
2004,456467
2005,459682
2006,469759
2007,464881
2008,446185
zigzag
1900,2685
1901,1750
1902,2343
1903,2269
1904,2324
1905,2388
1906,2086
1907,2661
1908,2371
1909,2208
1910,2114
1911,2342
1912,2195
1913,2023
1914,2039
1915,1714
1916,1875
1917,3448
1918,1590
1919,1540
1920,1968
1921,1814
1922,1914
1923,1537
1924,1472
1925,1632
1926,1629
1927,1689
1928,1964
1929,1644
1930,1800
1931,1707
1932,1431
1933,1361
1934,1897
1935,1570
1936,1741
1937,2286
1938,1914
1939,2115
1940,1916
1941,1673
1942,1617
1943,1612
1944,1075
1945,1455
1946,1334
1947,1644
1948,1986
1949,2006
1950,2363
1951,2105
1952,1980
1953,2427
1954,1863
1955,2114
1956,1829
1957,2283
1958,2320
1959,2164
1960,2303
1961,2632
1962,2965
1963,2935
1964,3548
1965,3772
1966,3666
1967,3618
1968,4113
1969,3847
1970,4168
1971,3775
1972,4663
1973,4353
1974,3919
1975,4044
1976,4113
1977,4650
1978,4424
1979,4260
1980,4425
1981,4363
1982,5060
1983,5009
1984,5002
1985,5181
1986,5410
1987,5339
1988,5856
1989,6323
1990,6859
1991,6659
1992,7364
1993,6606
1994,7310
1995,7830
1996,7999
1997,7985
1998,8749
1999,9184
2000,10479
2001,10515
2002,12302
2003,12850
2004,14509
2005,14216
2006,14347
2007,16129
2008,21702
zoning
1900,22
1901,13
1902,15
1903,24
1904,6
1905,13
1906,14
1907,15
1908,9
1909,5
1910,29
1911,86
1912,23
1913,37
1914,100
1915,80
1916,131
1917,77
1918,98
1919,204
1920,465
1921,644
1922,5693
1923,998
1924,1305
1925,602
1926,2124
1927,1665
1928,2312
1929,1555
1930,3010
1931,2918
1932,1494
1933,1647
1934,1390
1935,3335
1936,1657
1937,1819
1938,2264
1939,2887
1940,3793
1941,2416
1942,1764
1943,1552
1944,1624
1945,1540
1946,2551
1947,2676
1948,4368
1949,8882
1950,6873
1951,3229
1952,5040
1953,5622
1954,4135
1955,6927
1956,4641
1957,9524
1958,8688
1959,8134
1960,9589
1961,8087
1962,10077
1963,9589
1964,9483
1965,18002
1966,21445
1967,12832
1968,31148
1969,13801
1970,15397
1971,23117
1972,20450
1973,21321
1974,34083
1975,33047
1976,30038
1977,28645
1978,24755
1979,29002
1980,24270
1981,26425
1982,24510
1983,19992
1984,25082
1985,24688
1986,41655
1987,20521
1988,35905
1989,25950
1990,27153
1991,25741
1992,23614
1993,33055
1994,27411
1995,27302
1996,46250
1997,37870
1998,37749
1999,36456
2000,33494
2001,39451
2002,39037
2003,69529
2004,55852
2005,41006
2006,41726
2007,37700
2008,41825
za
1900,184
1901,201
1902,319
1903,269
1904,187
1905,279
1906,214
1907,305
1908,265
1909,188
1910,304
1911,253
1912,329
1913,200
1914,171
1915,227
1916,184
1917,151
1918,162
1919,153
1920,217
1921,226
1922,212
1923,186
1924,162
1925,575
1926,267
1927,235
1928,290
1929,270
1930,2139
1931,543
1932,396
1933,270
1934,259
1935,776
1936,306
1937,414
1938,492
1939,462
1940,363
1941,546
1942,250
1943,443
1944,296
1945,343
1946,362
1947,626
1948,552
1949,821
1950,1161
1951,1204
1952,778
1953,1137
1954,1635
1955,1571
1956,3094
1957,1855
1958,2290
1959,1596
1960,2074
1961,3570
1962,3217
1963,3779
1964,3301
1965,4383
1966,3020
1967,4824
1968,5819
1969,6538
1970,5129
1971,4715
1972,4835
1973,5574
1974,7072
1975,5904
1976,6896
1977,7931
1978,6429
1979,5623
1980,6328
1981,6032
1982,6838
1983,7615
1984,5797
1985,8656
1986,7448
1987,7827
1988,8932
1989,9594
1990,11838
1991,8051
1992,8863
1993,7446
1994,9559
1995,8381
1996,9042
1997,10384
1998,10384
1999,9304
2000,11211
2001,12433
2002,14064
2003,12535
2004,15537
2005,14183
2006,13178
2007,14440
2008,12236
zoo
1900,336
1901,292
1902,193
1903,409
1904,288
1905,257
1906,394
1907,289
1908,312
1909,308
1910,305
1911,302
1912,386
1913,372
1914,321
1915,301
1916,366
1917,372
1918,322
1919,377
1920,437
1921,1315
1922,685
1923,452
1924,483
1925,724
1926,1128
1927,832
1928,923
1929,959
1930,1492
1931,1295
1932,1170
1933,823
1934,1209
1935,1359
1936,1695
1937,1539
1938,1667
1939,1657
1940,1830
1941,1779
1942,1451
1943,1079
1944,1257
1945,1547
1946,1339
1947,1847
1948,1934
1949,1759
1950,2050
1951,1896
1952,1822
1953,2167
1954,2496
1955,3006
1956,2540
1957,3438
1958,3026
1959,3249
1960,3282
1961,4530
1962,3958
1963,4380
1964,4347
1965,4866
1966,5250
1967,6768
1968,5929
1969,8205
1970,6164
1971,6762
1972,7693
1973,6838
1974,8186
1975,6882
1976,8350
1977,8241
1978,9076
1979,8242
1980,10609
1981,8348
1982,9044
1983,9679
1984,10158
1985,10434
1986,11195
1987,14060
1988,14895
1989,17912
1990,18161
1991,16207
1992,19066
1993,19248
1994,19361
1995,22170
1996,23395
1997,24508
1998,24191
1999,26326
2000,29128
2001,35346
2002,30959
2003,33487
2004,35287
2005,32598
2006,35724
2007,38295
2008,34229
ze
1900,1363
1901,1153
1902,1039
1903,1618
1904,924
1905,1564
1906,913
1907,1327
1908,1612
1909,1014
1910,1314
1911,1314
1912,1135
1913,1127
1914,1273
1915,744
1916,793
1917,738
1918,996
1919,1232
1920,1116
1921,995
1922,1725
1923,624
1924,649
1925,511
1926,564
1927,421
1928,885
1929,401
1930,488
1931,473
1932,645
1933,526
1934,560
1935,457
1936,663
1937,536
1938,741
1939,488
1940,1105
1941,671
1942,529
1943,381
1944,290
1945,343
1946,415
1947,875
1948,676
1949,603
1950,449
1951,834
1952,720
1953,965
1954,689
1955,1041
1956,886
1957,918
1958,810
1959,988
1960,1365
1961,1558
1962,2324
1963,1804
1964,1901
1965,1996
1966,5924
1967,2685
1968,2579
1969,2342
1970,2803
1971,3096
1972,2824
1973,3040
1974,3235
1975,2667
1976,4115
1977,3578
1978,3086
1979,2800
1980,3294
1981,3343
1982,3451
1983,3285
1984,3413
1985,4166
1986,4215
1987,3531
1988,3684
1989,3929
1990,4868
1991,4815
1992,4040
1993,4333
1994,4178
1995,4715
1996,5471
1997,6547
1998,6283
1999,5468
2000,6387
2001,6905
2002,7589
2003,8524
2004,10401
2005,8782
2006,9607
2007,12022
2008,19076
zonal
1900,180
1901,229
1902,168
1903,455
1904,451
1905,493
1906,341
1907,267
1908,336
1909,676
1910,357
1911,675
1912,476
1913,253
1914,387
1915,293
1916,429
1917,227
1918,369
1919,135
1920,386
1921,271
1922,444
1923,325
1924,460
1925,387
1926,403
1927,690
1928,275
1929,660
1930,389
1931,405
1932,378
1933,418
1934,270
1935,309
1936,666
1937,297
1938,1779
1939,453
1940,779
1941,842
1942,755
1943,575
1944,960
1945,1839
1946,792
1947,1682
1948,1505
1949,3032
1950,1708
1951,2350
1952,2177
1953,4070
1954,2021
1955,1783
1956,2872
1957,3757
1958,2313
1959,2696
1960,3124
1961,3639
1962,4522
1963,4824
1964,4866
1965,5404
1966,6425
1967,6018
1968,5659
1969,5666
1970,6060
1971,6264
1972,7123
1973,7216
1974,6859
1975,6614
1976,7021
1977,6975
1978,6176
1979,7045
1980,8920
1981,6657
1982,8356
1983,7229
1984,8347
1985,8718
1986,7796
1987,10633
1988,7749
1989,7523
1990,8981
1991,7001
1992,15387
1993,10033
1994,6950
1995,7843
1996,9480
1997,8933
1998,8956
1999,7587
2000,9241
2001,10458
2002,9166
2003,9973
2004,10402
2005,10241
2006,10990
2007,9180
2008,7732
